000000000000000000000000000000000000000000000000000000000000000000000000000
000000000000000000000000000000000000000000000000000000000000000001111111100
000000000000000000000000000000000000000000000000000000000000000001222222100
000000000000000000001111111000000000000000000000001111111100000001222222100
000000000000000000001222221000000000000000000000001222222100333333222222100
011111111111000000001222221000011111110000000000001222222100300001222522100
012222222221000333333222223333312522210000000000001222222100300001111111100
012222222223333300001522221000312222210000000333333222222333300000000000000
012222521111000000001222221000332222233333333300001222222100000000000000000
012222221000000000001111111000012222210000000000001222222100000000000000000
012222221000000000000000000000012222210000000000001252222100000000000000000
011131111000000000000000000000011111110000000000001222222100000000000000000
000030000000000000000000000000000000000000000000001111311100000000000000000
000030000000000000000000000000000000000000000000000000300000000000000000000
000030000000000000000000000000000000000000000000000000300000000000000000000
000033333000000000000000000000000000000000000000000333300000000000000000000
000000003000000000000000000000000000000000000000000300000000000000000000000
000000003000000000000000000000000000000000000000000300000000000000000000000
000011113111100000011111111000000000000000000001111311110000000000000000000
000012222222100000012222221000000000000000000001222222210000000000000000000
000012225222100000012522221000011111110000000001222224210000001111111111100
000012222222100000012222221000012222210000000001222222210000001222222252100
000012222222333333332222223333312222210000000001222222233333301222222222100
000012222222100000012222221000332222210000000001222222210000333222222111100
000012222222100000012222221000012222210000000001222222210000001222222100000
000012222222100000012222221000012252210000000001222522210000001222222100000
000011111111100000012222221000011111110000000001111111110000001111111100000
000000000000000000011111111000000000000000000000000000000000000000000000000
000000000000000000000000000000000000000000000000000000000000000000000000000
000000000000000000000000000000000000000000000000000000000000000000000000000
19 51
2
1
3

9
0 0
-1
3

19 24
5
3

23 23
5
3

0 0
-1
3

23 8
5
3

30 54
5
3

25 11
5
3

25 25
5
3

0 0
-1
3

LSA 0 50 25 55 1600 100 2 10